Tarih/Saat: 2026-02-07/02:11:52
accuracy: [0.9342576265335083, 0.9378353953361511, 0.9481216669082642, 0.9575133919715881, 0.9673523902893066, 0.9655635356903076]
loss: [0.2531161606311798, 0.22709210216999054, 0.1652604341506958, 0.149854376912117, 0.11861252039670944, 0.11861687153577805]
val_accuracy: [0.7833117842674255, 0.827296257019043, 0.8234152793884277, 0.8098317980766296, 0.8124191164970398, 0.8143596649169922]
val_loss: [1.6551364660263062, 1.8088771104812622, 2.1050498485565186, 2.244072437286377, 2.1353085041046143, 2.480311155319214]
learning_rate: [0.0005904900608584285, 0.0005314410664141178, 0.00047829694813117385, 0.00043046724749729037, 0.0003874205285683274, 0.0003486784698907286]
Tarih/Saat: 2026-02-07/02:11:52
accuracy: [0.8586761951446533, 0.9275491833686829, 0.9351520538330078, 0.949910581111908, 0.960644006729126, 0.9579606652259827]
loss: [0.4810434579849243, 0.2765234410762787, 0.26902690529823303, 0.19334734976291656, 0.1661243438720703, 0.15335769951343536]
val_accuracy: [0.7943078875541687, 0.7723156809806824, 0.8072444796562195, 0.827296257019043, 0.8376455307006836, 0.835705041885376]
val_loss: [1.3515874147415161, 1.6103194952011108, 1.976441740989685, 2.530611038208008, 2.345874786376953, 2.163775682449341]
learning_rate: [0.0010000000474974513, 0.0010000000474974513, 0.0009000000427477062, 0.0008100000559352338, 0.0007290000794455409, 0.0006561000482179224]
