Tarih/Saat: 2026-02-06/02:47:53
accuracy: [0.9037132859230042, 0.9153713583946228, 0.9179620146751404, 0.924870491027832, 0.9343696236610413, 0.9270293712615967, 0.9339378476142883, 0.9257340431213379, 0.9335060715675354]
loss: [0.2523396611213684, 0.21058125793933868, 0.19350746273994446, 0.18925274908542633, 0.16730527579784393, 0.1818634271621704, 0.16520433127880096, 0.18132838606834412, 0.1688605546951294]
val_accuracy: [0.9067796468734741, 0.8940678238868713, 0.8898305296897888, 0.8940678238868713, 0.8898305296897888, 0.9025423526763916, 0.9025423526763916, 0.9025423526763916, 0.9025423526763916]
val_loss: [0.34892699122428894, 0.34695571660995483, 0.34470367431640625, 0.3461476266384125, 0.3484600782394409, 0.34963178634643555, 0.34812498092651367, 0.3474244475364685, 0.34773963689804077]
learning_rate: [4.999999873689376e-06, 4.999999873689376e-06, 2.9999998787388904e-06, 2.9999998787388904e-06, 1.7999999499807018e-06, 1.7999999499807018e-06, 1.0799999472510535e-06, 1.0799999472510535e-06, 6.479999683506321e-07]
