Tarih/Saat: 2026-01-26/08:52:39
accuracy: [0.7880658507347107, 0.8240740895271301, 0.8621399402618408, 0.8847736716270447, 0.8847736716270447, 0.8868312835693359, 0.9156378507614136, 0.9197530746459961, 0.9403291940689087, 0.9454732537269592, 0.952674925327301, 0.9588477611541748, 0.9639917612075806, 0.9660493731498718]
loss: [0.49198466539382935, 0.39358192682266235, 0.33159637451171875, 0.285692036151886, 0.2841604948043823, 0.2713627219200134, 0.2255086451768875, 0.20885498821735382, 0.17419883608818054, 0.1559544950723648, 0.1282615065574646, 0.1220209002494812, 0.10253234207630157, 0.09423590451478958]
val_accuracy: [0.48798078298568726, 0.48798078298568726, 0.7716346383094788, 0.588942289352417, 0.7668269276618958, 0.8125, 0.7908653616905212, 0.754807710647583, 0.8894230723381042, 0.9038461446762085, 0.8942307829856873, 0.8870192170143127, 0.875, 0.875]
val_loss: [0.6915350556373596, 0.9159095287322998, 0.51402348279953, 0.6783612370491028, 0.48525315523147583, 0.4399103820323944, 0.48807036876678467, 0.553200900554657, 0.2771579921245575, 0.23470968008041382, 0.2758735120296478, 0.2528766393661499, 0.2749832272529602, 0.28604838252067566]
learning_rate: [0.0010000000474974513, 0.0010000000474974513, 0.0010000000474974513, 0.0010000000474974513, 0.0010000000474974513, 0.0010000000474974513, 0.0010000000474974513, 0.0010000000474974513, 0.0004000000189989805, 0.0004000000189989805, 0.0004000000189989805, 0.0004000000189989805, 0.00016000001050997525, 0.00016000001050997525]
