Tarih/Saat: 2026-02-04/23:29:45
Tarih/Saat: 2026-02-04/23:31:35
accuracy: [0.7549039721488953, 0.8734255433082581, 0.9136898517608643, 0.9229816198348999, 0.9436299800872803, 0.9440429210662842, 0.9520958065986633, 0.9717117547988892, 0.976047933101654, 0.976254403591156, 0.9774932861328125, 0.9766673445701599, 0.9838942885398865, 0.9865785837173462, 0.9902952909469604, 0.9915341734886169]
loss: [1.268484354019165, 0.6032668352127075, 0.4002915620803833, 0.3643778860569, 0.253812700510025, 0.27289116382598877, 0.2309677004814148, 0.11021587997674942, 0.08811983466148376, 0.08021128177642822, 0.07782438397407532, 0.08426325768232346, 0.06649129092693329, 0.04146695137023926, 0.02957019954919815, 0.025461887940764427]
val_accuracy: [0.71875, 0.8232421875, 0.869140625, 0.927734375, 0.943359375, 0.953125, 0.947265625, 0.962890625, 0.947265625, 0.970703125, 0.9638671875, 0.9638671875, 0.970703125, 0.966796875, 0.978515625, 0.9775390625]
val_loss: [2.501481533050537, 1.456247091293335, 1.1185922622680664, 0.34072473645210266, 0.25214239954948425, 0.2828664183616638, 0.25253814458847046, 0.13732817769050598, 0.2118445187807083, 0.09604901075363159, 0.12152749300003052, 0.12212672829627991, 0.0981578379869461, 0.10229873657226562, 0.06726696342229843, 0.07619109749794006]
learning_rate: [0.0010000000474974513, 0.0010000000474974513, 0.0010000000474974513, 0.0010000000474974513, 0.0010000000474974513, 0.0010000000474974513, 0.0010000000474974513, 0.0006000000284984708, 0.0006000000284984708, 0.0006000000284984708, 0.0006000000284984708, 0.0006000000284984708, 0.0003600000054575503, 0.0003600000054575503, 0.00021600000036414713, 0.00021600000036414713]
